103 165
0 1
0 86
0 87
0 88
1 2
2 3
3 4
3 6
4 5
4 91
5 6
5 92
6 7
6 96
7 8
8 9
8 11
8 16
9 10
10 11
11 12
12 13
13 14
13 58
13 75
14 15
14 57
15 16
15 18
16 17
17 18
17 98
18 19
18 55
19 20
19 54
20 21
20 53
21 22
22 23
22 96
23 24
23 39
24 25
24 95
25 26
25 29
25 94
26 27
26 91
27 28
27 77
28 29
29 30
29 38
30 31
30 37
31 32
31 36
32 33
33 34
33 36
34 35
35 36
36 37
36 51
37 49
37 59
38 39
38 41
39 40
39 46
40 41
40 84
41 42
41 56
41 83
42 49
42 72
42 74
43 44
43 45
43 75
44 56
45 52
45 98
46 47
46 51
46 80
47 48
47 61
47 96
48 56
48 60
49 50
49 60
50 51
50 55
51 63
52 53
52 81
52 95
53 83
54 55
54 56
54 75
55 57
57 59
58 59
58 60
58 69
59 65
60 73
61 62
62 63
62 76
63 64
64 65
64 74
65 66
66 67
66 68
69 70
69 71
70 72
71 72
72 73
73 74
73 75
75 76
76 77
77 78
77 98
78 79
78 91
79 94
80 81
80 86
80 89
80 99
81 87
82 83
82 84
82 92
83 85
84 85
84 86
84 90
84 91
84 100
87 88
89 90
89 95
90 91
92 93
92 94
92 96
93 95
95 96
97 98
97 99
97 100
99 101
100 101
101 102
